lastAccountName: shadeslayer5
timestamps:
  login: 1553886533762
  lastteleport: 1553752342801
  logout: 1553898401534
ipAddress: 25.14.232.23
lastlocation:
  world: world
  x: 54.231080730277064
  y: 75.49636074181419
  z: -62.76078824999319
  yaw: 277.45584
  pitch: 53.056427
logoutlocation:
  world: world
  x: -6.8775323922468115
  y: 114.15060144563658
  z: -536.8223864827987
  yaw: 178.17969
  pitch: 48.19462
afk: false
